48.367381 -124.687958
48.316264 -124.635773
48.276613 -124.645386
48.203443 -124.656372
48.130168 -124.667358
48.034754 -124.656372
47.931802 -124.612427
47.872881 -124.502563
47.791754 -124.425659
47.695714 -124.381714
47.599496 -124.337769
47.503101 -124.293823
47.402253 -124.314423
47.350175 -124.273224
47.309221 -124.215546
47.238406 -124.163361
47.153116 -124.151001
47.085833 -124.140015
47.029138 -124.163361
46.997302 -124.160614
46.942951 -124.163361
46.886665 -124.113922
46.823368 -124.074097
46.778245 -124.063111
46.718022 -124.074097
46.582274 -124.063111
46.529391 -124.052124
46.468891 -124.063111
46.415896 -124.052124
46.362851 -124.041138
46.333749 -124.058304
46.286983 -124.074097
46.197133 -123.990326
46.157766 -123.942261
46.134361 -123.940887
46.075327 -123.913422
45.999061 -123.905182
45.949431 -123.949127
45.876816 -123.943634
45.813678 -123.943634
45.742802 -123.932648
45.673755 -123.910675
45.598858 -123.929901
45.552718 -123.913422
45.506539 -123.943634
45.456471 -123.946381
45.387071 -123.907928
45.342687 -123.954621
45.278945 -123.946381
45.203522 -123.951874
45.129936 -123.957367
45.069835 -123.976593
45.007729 -123.990326
44.939724 -123.993073
44.871637 -123.995819
44.811265 -124.026031
44.750831 -124.056244
44.684473 -124.042511
44.619995 -124.026031
44.563273 -124.039764
44.508455 -124.058991
44.451624 -124.061737
44.392776 -124.061737
44.333868 -124.078217
44.274901 -124.094696
44.213907 -124.091949
44.152849 -124.097443
44.091728 -124.102936
44.030543 -124.108429
43.969296 -124.113922
43.909964 -124.122162
43.852553 -124.133148
43.799052 -124.152374
43.745503 -124.171611
43.689921 -124.182587
43.632298 -124.201813
43.568651 -124.218292
43.504936 -124.234772
43.441154 -124.262238
43.379301 -124.295197
43.321381 -124.347382
43.259406 -124.374847
43.191361 -124.377594
43.125244 -124.405061
43.055042 -124.424286
42.984759 -124.443512
42.916408 -124.473724
42.849994 -124.517671
42.777461 -124.509431
42.712916 -124.457245
42.636181 -124.391327
42.565421 -124.366608
42.502681 -124.388581
42.439877 -124.410553
42.366865 -124.405061
42.289704 -124.391327
42.218551 -124.363861
42.147318 -124.336395
42.076005 -124.308929
42.029098 -124.226532
41.990323 -124.182587
41.920877 -124.177094
41.863629 -124.193573
41.806331 -124.215546
41.753078 -124.199066
41.722336 -124.122162
41.669014 -124.116669
41.615648 -124.094696
41.514953 -124.056244
41.467634 -124.048004
41.420281 -124.039764
41.372893 -124.045258
41.325471 -124.067231
41.273885 -124.075471
41.222258 -124.083711
41.168524 -124.091949
41.131297 -124.133148
41.089909 -124.146881
41.046424 -124.105682
41.007055 -124.100189
40.967663 -124.102936
40.922022 -124.116669
40.876349 -124.135895
40.836879 -124.166107
40.786988 -124.210052
40.757868 -124.223785
40.705836 -124.259491
40.662098 -124.286957
40.618331 -124.314423
40.574535 -124.341888
40.530711 -124.366608
40.484768 -124.374847
40.440885 -124.385834
40.396973 -124.366608
40.353033 -124.347382
40.313253 -124.336395
40.277641 -124.339142
40.242008 -124.336395
40.208455 -124.300691
40.176985 -124.251251
40.145499 -124.188081
40.113999 -124.135895
40.082485 -124.080963
40.055161 -124.050751
40.027825 -124.037018
